-2.000000 4.000000
-1.986667 3.946844
-1.973333 3.894044
-1.960000 3.841600
-1.946667 3.789511
-1.933333 3.737778
-1.920000 3.686400
-1.906667 3.635378
-1.893333 3.584711
-1.880000 3.534400
-1.866667 3.484444
-1.853333 3.434844
-1.840000 3.385600
-1.826667 3.336711
-1.813333 3.288178
-1.800000 3.240000
-1.786667 3.192178
-1.773333 3.144711
-1.760000 3.097600
-1.746667 3.050844
-1.733333 3.004444
-1.720000 2.958400
-1.706667 2.912711
-1.693333 2.867378
-1.680000 2.822400
-1.666667 2.777778
-1.653333 2.733511
-1.640000 2.689600
-1.626667 2.646044
-1.613333 2.602844
-1.600000 2.560000
-1.586667 2.517511
-1.573333 2.475378
-1.560000 2.433600
-1.546667 2.392178
-1.533333 2.351111
-1.520000 2.310400
-1.506667 2.270044
-1.493333 2.230044
-1.480000 2.190400
-1.466667 2.151111
-1.453333 2.112178
-1.440000 2.073600
-1.426667 2.035378
-1.413333 1.997511
-1.400000 1.960000
-1.386667 1.922844
-1.373333 1.886044
-1.360000 1.849600
-1.346667 1.813511
-1.333333 1.777778
-1.320000 1.742400
-1.306667 1.707378
-1.293333 1.672711
-1.280000 1.638400
-1.266667 1.604444
-1.253333 1.570844
-1.240000 1.537600
-1.226667 1.504711
-1.213333 1.472178
-1.200000 1.440000
-1.186667 1.408178
-1.173333 1.376711
-1.160000 1.345600
-1.146667 1.314844
-1.133333 1.284444
-1.120000 1.254400
-1.106667 1.224711
-1.093333 1.195378
-1.080000 1.166400
-1.066667 1.137778
-1.053333 1.109511
-1.040000 1.081600
-1.026667 1.054044
-1.013333 1.026844
-1.000000 1.000000
-0.986667 0.973511
-0.973333 0.947378
-0.960000 0.921600
-0.946667 0.896178
-0.933333 0.871111
-0.920000 0.846400
-0.906667 0.822044
-0.893333 0.798044
-0.880000 0.774400
-0.866667 0.751111
-0.853333 0.728178
-0.840000 0.705600
-0.826667 0.683378
-0.813333 0.661511
-0.800000 0.640000
-0.786667 0.618844
-0.773333 0.598044
-0.760000 0.577600
-0.746667 0.557511
-0.733333 0.537778
-0.720000 0.518400
-0.706667 0.499378
-0.693333 0.480711
-0.680000 0.462400
-0.666667 0.444444
-0.653333 0.426844
-0.640000 0.409600
-0.626667 0.392711
-0.613333 0.376178
-0.600000 0.360000
-0.586667 0.344178
-0.573333 0.328711
-0.560000 0.313600
-0.546667 0.298844
-0.533333 0.284444
-0.520000 0.270400
-0.506667 0.256711
-0.493333 0.243378
-0.480000 0.230400
-0.466667 0.217778
-0.453333 0.205511
-0.440000 0.193600
-0.426667 0.182044
-0.413333 0.170844
-0.400000 0.160000
-0.386667 0.149511
-0.373333 0.139378
-0.360000 0.129600
-0.346667 0.120178
-0.333333 0.111111
-0.320000 0.102400
-0.306667 0.094044
-0.293333 0.086044
-0.280000 0.078400
-0.266667 0.071111
-0.253333 0.064178
-0.240000 0.057600
-0.226667 0.051378
-0.213333 0.045511
-0.200000 0.040000
-0.186667 0.034844
-0.173333 0.030044
-0.160000 0.025600
-0.146667 0.021511
-0.133333 0.017778
-0.120000 0.014400
-0.106667 0.011378
-0.093333 0.008711
-0.080000 0.006400
-0.066667 0.004444
-0.053333 0.002844
-0.040000 0.001600
-0.026667 0.000711
-0.013333 0.000178
0.000000 0.000000
0.013333 0.000178
0.026667 0.000711
0.040000 0.001600
0.053333 0.002844
0.066667 0.004444
0.080000 0.006400
0.093333 0.008711
0.106667 0.011378
0.120000 0.014400
0.133333 0.017778
0.146667 0.021511
0.160000 0.025600
0.173333 0.030044
0.186667 0.034844
0.200000 0.040000
0.213333 0.045511
0.226667 0.051378
0.240000 0.057600
0.253333 0.064178
0.266667 0.071111
0.280000 0.078400
0.293333 0.086044
0.306667 0.094044
0.320000 0.102400
0.333333 0.111111
0.346667 0.120178
0.360000 0.129600
0.373333 0.139378
0.386667 0.149511
0.400000 0.160000
0.413333 0.170844
0.426667 0.182044
0.440000 0.193600
0.453333 0.205511
0.466667 0.217778
0.480000 0.230400
0.493333 0.243378
0.506667 0.256711
0.520000 0.270400
0.533333 0.284444
0.546667 0.298844
0.560000 0.313600
0.573333 0.328711
0.586667 0.344178
0.600000 0.360000
0.613333 0.376178
0.626667 0.392711
0.640000 0.409600
0.653333 0.426844
0.666667 0.444444
0.680000 0.462400
0.693333 0.480711
0.706667 0.499378
0.720000 0.518400
0.733333 0.537778
0.746667 0.557511
0.760000 0.577600
0.773333 0.598044
0.786667 0.618844
0.800000 0.640000
0.813333 0.661511
0.826667 0.683378
0.840000 0.705600
0.853333 0.728178
0.866667 0.751111
0.880000 0.774400
0.893333 0.798044
0.906667 0.822044
0.920000 0.846400
0.933333 0.871111
0.946667 0.896178
0.960000 0.921600
0.973333 0.947378
0.986667 0.973511
1.000000 1.000000
1.013333 1.026844
1.026667 1.054044
1.040000 1.081600
1.053333 1.109511
1.066667 1.137778
1.080000 1.166400
1.093333 1.195378
1.106667 1.224711
1.120000 1.254400
1.133333 1.284444
1.146667 1.314844
1.160000 1.345600
1.173333 1.376711
1.186667 1.408178
1.200000 1.440000
1.213333 1.472178
1.226667 1.504711
1.240000 1.537600
1.253333 1.570844
1.266667 1.604444
1.280000 1.638400
1.293333 1.672711
1.306667 1.707378
1.320000 1.742400
1.333333 1.777778
1.346667 1.813511
1.360000 1.849600
1.373333 1.886044
1.386667 1.922844
1.400000 1.960000
1.413333 1.997511
1.426667 2.035378
1.440000 2.073600
1.453333 2.112178
1.466667 2.151111
1.480000 2.190400
1.493333 2.230044
1.506667 2.270044
1.520000 2.310400
1.533333 2.351111
1.546667 2.392178
1.560000 2.433600
1.573333 2.475378
1.586667 2.517511
1.600000 2.560000
1.613333 2.602844
1.626667 2.646044
1.640000 2.689600
1.653333 2.733511
1.666667 2.777778
1.680000 2.822400
1.693333 2.867378
1.706667 2.912711
1.720000 2.958400
1.733333 3.004444
1.746667 3.050844
1.760000 3.097600
1.773333 3.144711
1.786667 3.192178
1.800000 3.240000
1.813333 3.288178
1.826667 3.336711
1.840000 3.385600
1.853333 3.434844
1.866667 3.484444
1.880000 3.534400
1.893333 3.584711
1.906667 3.635378
1.920000 3.686400
1.933333 3.737778
1.946667 3.789511
1.960000 3.841600
1.973333 3.894044
1.986667 3.946844
